RANK                0            1            2             3             4             5           6             7            8
exploit/b=True     92            4            4                                                                                 
explore/b=True     80           16            2             2                                                                   
exploit/b=False    71           24            4                                                                                 
explore/b=False    59           27           10             4                                                                   
rrp                10           16           14            37             8            12           2                           
asIs                2            8           12            12            33             6           8            16            2
                                                                                                  100                           
#
#EVALS
RANK                      0            1            2             3             4             5           6             7            8
exploit/b=True     29 (  8)     35 (  0)     20 (  0)       0 (  0)       0 (  0)       0 (  0)     0 (  0)       0 (  0)      0 (  0)
explore/b=True     29 (  8)     29 (  0)     20 (  0)      30 (  0)       0 (  0)       0 (  0)     0 (  0)       0 (  0)      0 (  0)
exploit/b=False    28 (  8)     26 (  4)     20 (  0)       0 (  0)       0 (  0)       0 (  0)     0 (  0)       0 (  0)      0 (  0)
explore/b=False    28 (  4)     31 (  8)     30 (  0)      30 (  0)       0 (  0)       0 (  0)     0 (  0)       0 (  0)      0 (  0)
rrp                 4 (  0)      4 (  0)      4 (  0)       5 (  0)       4 (  0)       4 (  0)     4 (  0)       0 (  0)      0 (  0)
asIs              3840 (  0)   6581 (  0)   12835 (  0)   16307 (  0)   7784 (1100)   416 (  0)   10190 (  0)   2890 (  0)   196 (  0)
                    0 (  0)      0 (  0)      0 (  0)       0 (  0)       0 (  0)       0 (  0)     0 (  0)       0 (  0)      0 (  0)
#
#DELTAS
RANK                      0            1            2             3             4             5           6             7            8
exploit/b=True     73 ( 23)     48 (  0)     41 (  0)       0 (  0)       0 (  0)       0 (  0)     0 (  0)       0 (  0)      0 (  0)
explore/b=True     74 ( 21)     61 (  0)     24 (  0)      24 (  0)       0 (  0)       0 (  0)     0 (  0)       0 (  0)      0 (  0)
exploit/b=False    73 ( 26)     59 ( 19)     46 (  0)       0 (  0)       0 (  0)       0 (  0)     0 (  0)       0 (  0)      0 (  0)
explore/b=False    71 ( 22)     58 ( 15)     52 (  0)      54 (  0)       0 (  0)       0 (  0)     0 (  0)       0 (  0)      0 (  0)
rrp                61 (  0)     50 (  0)     22 (  0)      22 ( 11)      38 (  0)      24 (  0)    31 (  0)       0 (  0)      0 (  0)
                    0 (  0)      0 (  0)      0 (  0)       0 (  0)       0 (  0)       0 (  0)    96 (  0)       0 (  0)      0 (  0)
